44
7
253
222
90
91
209
162
245
335
43
110
286
178
59
133
260
169
224
54
104
157
180
270
156
199
340
182
189
247
92
22
108
344
348
70
168
346
206
37
266
64
283
13
101
71
73
134
312
125
66
193
229
210
289
99
198
218
67
300
97
219
100
42
0
179
228
322
115
350
40
111
140
131
299
248
265
237
296
166
138
267
220
78
129
6
227
181
23
146
55
24
122
167
347
287
207
74
95
31
118
331
80
281
9
29
213
230
295
186
93
52
77
334
144
254
234
232
17
311
330
298
323
69
33
187
272
102
176
319
316
132
72
124
5
216
63
191
329
332
127
337
285
307
51
149
137
112
83
160
94
58
276
48
200
141
271
32
320
106
60
263
27
65
255
280
318
305
264
148
315
291
338
147
252
188
184
261
203
194
202
165
123
217
205
39
239
288
301
19
173
262
21
25
214
326
324
223
12
345
56
153
98
38
339
145
190
11
268
28
225
304
164
163
87
155
221
185
278
49
273
349
126
310
308
61
192
302
20
257
75
8
208
313
117
309
328
297
35
212
109
215
2
170
274
161
88
36
277
57
226
46
292
79
242
130
314
15
321
241
172
136
150
68
26
201
259
142
1
114
250
119
196
342
121
256
105
183
62
306
151
235
103
82
4
284
10
34
175
244
47
238
333
135
327
174
85
18
343
86
336
41
16
45
84
89
249
159
113
197
96
116
269
81
317
243
14
107
275
258
3
341
128
139
231
195
290
293
76
251
240
50
246
325
120
282
236
158
171
30
154
233
279
177
143
152
204
53
294
211
303
